Solution to Arto Inkala's sudoku problem at http://www.telegraph.co.uk/news/science/science-news/9359579/Worlds-hardest-sudoku-can-you-crack-it.html
Solved with Kaidoku as explained in https://sekika.github.io/kaidoku/specified

=================================
1 2 3 4 5 6 7 8 9
 +-----+-----+-----+
1|8    |     |     |
2|    3|6    |     |
3|  7  |  9  |2    |
 +-----+-----+-----+
4|  5  |    7|     |
5|     |  4 5|7    |
6|     |1    |  3  |
 +-----+-----+-----+
7|    1|     |  6 8|
8|    8|5    |  1  |
9|  9  |     |4    |
 +-----+-----+-----+

Search with depth 3 shows that R8C7 should be 9.
  1 2 3 4 5 6 7 8 9
 +-----+-----+-----+
1|8    |     |     |
2|    3|6    |     |
3|  7  |  9  |2    |
 +-----+-----+-----+
4|  5  |    7|     |
5|     |  4 5|7    |
6|     |1    |  3  |
 +-----+-----+-----+
7|    1|     |  6 8|
8|    8|5    |9 1  |
9|  9  |     |4    |
 +-----+-----+-----+

Search with depth 3 shows that R7C7 should be 3.
  1 2 3 4 5 6 7 8 9
 +-----+-----+-----+
1|8    |     |     |
2|    3|6    |     |
3|  7  |  9  |2    |
 +-----+-----+-----+
4|  5  |    7|     |
5|     |  4 5|7    |
6|     |1    |  3  |
 +-----+-----+-----+
7|    1|     |3 6 8|
8|    8|5    |9 1  |
9|  9  |     |4    |
 +-----+-----+-----+

Hidden single in row 7 : R7C1 = 5
  1 2 3 4 5 6 7 8 9
 +-----+-----+-----+
1|8    |     |     |
2|    3|6    |     |
3|  7  |  9  |2    |
 +-----+-----+-----+
4|  5  |    7|     |
5|     |  4 5|7    |
6|     |1    |  3  |
 +-----+-----+-----+
7|5   1|     |3 6 8|
8|    8|5    |9 1  |
9|  9  |     |4    |
 +-----+-----+-----+

Pointing pair in box 8 removed 7 from R8C5 R9C4 R9C5 
Search with depth 2 shows that R7C5 should be 7.
  1 2 3 4 5 6 7 8 9
 +-----+-----+-----+
1|8    |     |     |
2|    3|6    |     |
3|  7  |  9  |2    |
 +-----+-----+-----+
4|  5  |    7|     |
5|     |  4 5|7    |
6|     |1    |  3  |
 +-----+-----+-----+
7|5   1|  7  |3 6 8|
8|    8|5    |9 1  |
9|  9  |     |4    |
 +-----+-----+-----+

Hidden single in box 2 : R1C4 = 7
  1 2 3 4 5 6 7 8 9
 +-----+-----+-----+
1|8    |7    |     |
2|    3|6    |     |
3|  7  |  9  |2    |
 +-----+-----+-----+
4|  5  |    7|     |
5|     |  4 5|7    |
6|     |1    |  3  |
 +-----+-----+-----+
7|5   1|  7  |3 6 8|
8|    8|5    |9 1  |
9|  9  |     |4    |
 +-----+-----+-----+

Search with depth 3 shows that R8C9 should be 7.
  1 2 3 4 5 6 7 8 9
 +-----+-----+-----+
1|8    |7    |     |
2|    3|6    |     |
3|  7  |  9  |2    |
 +-----+-----+-----+
4|  5  |    7|     |
5|     |  4 5|7    |
6|     |1    |  3  |
 +-----+-----+-----+
7|5   1|  7  |3 6 8|
8|    8|5    |9 1 7|
9|  9  |     |4    |
 +-----+-----+-----+

Hidden single in box 3 : R2C8 = 7
  1 2 3 4 5 6 7 8 9
 +-----+-----+-----+
1|8    |7    |     |
2|    3|6    |  7  |
3|  7  |  9  |2    |
 +-----+-----+-----+
4|  5  |    7|     |
5|     |  4 5|7    |
6|     |1    |  3  |
 +-----+-----+-----+
7|5   1|  7  |3 6 8|
8|    8|5    |9 1 7|
9|  9  |     |4    |
 +-----+-----+-----+

Pointing pair in box 9 removed 2 from R9C1 R9C3 R9C4 R9C5 R9C6 
Search with depth 3 shows that R9C4 should be 3.
  1 2 3 4 5 6 7 8 9
 +-----+-----+-----+
1|8    |7    |     |
2|    3|6    |  7  |
3|  7  |  9  |2    |
 +-----+-----+-----+
4|  5  |    7|     |
5|     |  4 5|7    |
6|     |1    |  3  |
 +-----+-----+-----+
7|5   1|  7  |3 6 8|
8|    8|5    |9 1 7|
9|  9  |3    |4    |
 +-----+-----+-----+

Hidden single in box 5 : R4C5 = 3
  1 2 3 4 5 6 7 8 9
 +-----+-----+-----+
1|8    |7    |     |
2|    3|6    |  7  |
3|  7  |  9  |2    |
 +-----+-----+-----+
4|  5  |  3 7|     |
5|     |  4 5|7    |
6|     |1    |  3  |
 +-----+-----+-----+
7|5   1|  7  |3 6 8|
8|    8|5    |9 1 7|
9|  9  |3    |4    |
 +-----+-----+-----+

Pointing pair in box 5 removed 6 from R6C1 R6C2 R6C3 R6C7 R6C9 
Naked pair in box 7 made removal from R8C1
Naked pair in box 7 made removal from R8C2
Pointing pair in box 7 removed 6 from R9C5 R9C6 
Search with depth 1 shows that R6C7 should be 5.
  1 2 3 4 5 6 7 8 9
 +-----+-----+-----+
1|8    |7    |     |
2|    3|6    |  7  |
3|  7  |  9  |2    |
 +-----+-----+-----+
4|  5  |  3 7|     |
5|     |  4 5|7    |
6|     |1    |5 3  |
 +-----+-----+-----+
7|5   1|  7  |3 6 8|
8|    8|5    |9 1 7|
9|  9  |3    |4    |
 +-----+-----+-----+

Search with depth 2 shows that R1C7 should be 6.
  1 2 3 4 5 6 7 8 9
 +-----+-----+-----+
1|8    |7    |6    |
2|    3|6    |  7  |
3|  7  |  9  |2    |
 +-----+-----+-----+
4|  5  |  3 7|     |
5|     |  4 5|7    |
6|     |1    |5 3  |
 +-----+-----+-----+
7|5   1|  7  |3 6 8|
8|    8|5    |9 1 7|
9|  9  |3    |4    |
 +-----+-----+-----+

Hidden single in column 2 : R5C2 = 6
  1 2 3 4 5 6 7 8 9
 +-----+-----+-----+
1|8    |7    |6    |
2|    3|6    |  7  |
3|  7  |  9  |2    |
 +-----+-----+-----+
4|  5  |  3 7|     |
5|  6  |  4 5|7    |
6|     |1    |5 3  |
 +-----+-----+-----+
7|5   1|  7  |3 6 8|
8|    8|5    |9 1 7|
9|  9  |3    |4    |
 +-----+-----+-----+

Hidden single in box 4 : R5C1 = 3
  1 2 3 4 5 6 7 8 9
 +-----+-----+-----+
1|8    |7    |6    |
2|    3|6    |  7  |
3|  7  |  9  |2    |
 +-----+-----+-----+
4|  5  |  3 7|     |
5|3 6  |  4 5|7    |
6|     |1    |5 3  |
 +-----+-----+-----+
7|5   1|  7  |3 6 8|
8|    8|5    |9 1 7|
9|  9  |3    |4    |
 +-----+-----+-----+

Hidden single in box 4 : R4C1 = 1
  1 2 3 4 5 6 7 8 9
 +-----+-----+-----+
1|8    |7    |6    |
2|    3|6    |  7  |
3|  7  |  9  |2    |
 +-----+-----+-----+
4|1 5  |  3 7|     |
5|3 6  |  4 5|7    |
6|     |1    |5 3  |
 +-----+-----+-----+
7|5   1|  7  |3 6 8|
8|    8|5    |9 1 7|
9|  9  |3    |4    |
 +-----+-----+-----+

Naked single: R4C7 = 8
  1 2 3 4 5 6 7 8 9
 +-----+-----+-----+
1|8    |7    |6    |
2|    3|6    |  7  |
3|  7  |  9  |2    |
 +-----+-----+-----+
4|1 5  |  3 7|8    |
5|3 6  |  4 5|7    |
6|     |1    |5 3  |
 +-----+-----+-----+
7|5   1|  7  |3 6 8|
8|    8|5    |9 1 7|
9|  9  |3    |4    |
 +-----+-----+-----+

Naked single: R2C7 = 1
  1 2 3 4 5 6 7 8 9
 +-----+-----+-----+
1|8    |7    |6    |
2|    3|6    |1 7  |
3|  7  |  9  |2    |
 +-----+-----+-----+
4|1 5  |  3 7|8    |
5|3 6  |  4 5|7    |
6|     |1    |5 3  |
 +-----+-----+-----+
7|5   1|  7  |3 6 8|
8|    8|5    |9 1 7|
9|  9  |3    |4    |
 +-----+-----+-----+

Hidden single in box 1 : R1C2 = 1
  1 2 3 4 5 6 7 8 9
 +-----+-----+-----+
1|8 1  |7    |6    |
2|    3|6    |1 7  |
3|  7  |  9  |2    |
 +-----+-----+-----+
4|1 5  |  3 7|8    |
5|3 6  |  4 5|7    |
6|     |1    |5 3  |
 +-----+-----+-----+
7|5   1|  7  |3 6 8|
8|    8|5    |9 1 7|
9|  9  |3    |4    |
 +-----+-----+-----+

Hidden single in box 2 : R3C6 = 1
  1 2 3 4 5 6 7 8 9
 +-----+-----+-----+
1|8 1  |7    |6    |
2|    3|6    |1 7  |
3|  7  |  9 1|2    |
 +-----+-----+-----+
4|1 5  |  3 7|8    |
5|3 6  |  4 5|7    |
6|     |1    |5 3  |
 +-----+-----+-----+
7|5   1|  7  |3 6 8|
8|    8|5    |9 1 7|
9|  9  |3    |4    |
 +-----+-----+-----+

Naked single: R9C6 = 8
  1 2 3 4 5 6 7 8 9
 +-----+-----+-----+
1|8 1  |7    |6    |
2|    3|6    |1 7  |
3|  7  |  9 1|2    |
 +-----+-----+-----+
4|1 5  |  3 7|8    |
5|3 6  |  4 5|7    |
6|     |1    |5 3  |
 +-----+-----+-----+
7|5   1|  7  |3 6 8|
8|    8|5    |9 1 7|
9|  9  |3   8|4    |
 +-----+-----+-----+

Naked single: R9C5 = 1
  1 2 3 4 5 6 7 8 9
 +-----+-----+-----+
1|8 1  |7    |6    |
2|    3|6    |1 7  |
3|  7  |  9 1|2    |
 +-----+-----+-----+
4|1 5  |  3 7|8    |
5|3 6  |  4 5|7    |
6|     |1    |5 3  |
 +-----+-----+-----+
7|5   1|  7  |3 6 8|
8|    8|5    |9 1 7|
9|  9  |3 1 8|4    |
 +-----+-----+-----+

Hidden single in box 2 : R1C6 = 3
  1 2 3 4 5 6 7 8 9
 +-----+-----+-----+
1|8 1  |7   3|6    |
2|    3|6    |1 7  |
3|  7  |  9 1|2    |
 +-----+-----+-----+
4|1 5  |  3 7|8    |
5|3 6  |  4 5|7    |
6|     |1    |5 3  |
 +-----+-----+-----+
7|5   1|  7  |3 6 8|
8|    8|5    |9 1 7|
9|  9  |3 1 8|4    |
 +-----+-----+-----+

Hidden single in box 3 : R3C9 = 3
  1 2 3 4 5 6 7 8 9
 +-----+-----+-----+
1|8 1  |7   3|6    |
2|    3|6    |1 7  |
3|  7  |  9 1|2   3|
 +-----+-----+-----+
4|1 5  |  3 7|8    |
5|3 6  |  4 5|7    |
6|     |1    |5 3  |
 +-----+-----+-----+
7|5   1|  7  |3 6 8|
8|    8|5    |9 1 7|
9|  9  |3 1 8|4    |
 +-----+-----+-----+

Hidden single in box 3 : R3C8 = 8
  1 2 3 4 5 6 7 8 9
 +-----+-----+-----+
1|8 1  |7   3|6    |
2|    3|6    |1 7  |
3|  7  |  9 1|2 8 3|
 +-----+-----+-----+
4|1 5  |  3 7|8    |
5|3 6  |  4 5|7    |
6|     |1    |5 3  |
 +-----+-----+-----+
7|5   1|  7  |3 6 8|
8|    8|5    |9 1 7|
9|  9  |3 1 8|4    |
 +-----+-----+-----+

Naked single: R3C4 = 4
  1 2 3 4 5 6 7 8 9
 +-----+-----+-----+
1|8 1  |7   3|6    |
2|    3|6    |1 7  |
3|  7  |4 9 1|2 8 3|
 +-----+-----+-----+
4|1 5  |  3 7|8    |
5|3 6  |  4 5|7    |
6|     |1    |5 3  |
 +-----+-----+-----+
7|5   1|  7  |3 6 8|
8|    8|5    |9 1 7|
9|  9  |3 1 8|4    |
 +-----+-----+-----+

Naked single: R2C6 = 2, R3C1 = 6
  1 2 3 4 5 6 7 8 9
 +-----+-----+-----+
1|8 1  |7   3|6    |
2|    3|6   2|1 7  |
3|6 7  |4 9 1|2 8 3|
 +-----+-----+-----+
4|1 5  |  3 7|8    |
5|3 6  |  4 5|7    |
6|     |1    |5 3  |
 +-----+-----+-----+
7|5   1|  7  |3 6 8|
8|    8|5    |9 1 7|
9|  9  |3 1 8|4    |
 +-----+-----+-----+

Naked single: R1C5 = 5, R2C2 = 4, R3C3 = 5, R9C1 = 7
  1 2 3 4 5 6 7 8 9
 +-----+-----+-----+
1|8 1  |7 5 3|6    |
2|  4 3|6   2|1 7  |
3|6 7 5|4 9 1|2 8 3|
 +-----+-----+-----+
4|1 5  |  3 7|8    |
5|3 6  |  4 5|7    |
6|     |1    |5 3  |
 +-----+-----+-----+
7|5   1|  7  |3 6 8|
8|    8|5    |9 1 7|
9|7 9  |3 1 8|4    |
 +-----+-----+-----+

Naked single: R2C1 = 9, R2C5 = 8, R7C2 = 2, R9C3 = 6
  1 2 3 4 5 6 7 8 9
 +-----+-----+-----+
1|8 1  |7 5 3|6    |
2|9 4 3|6 8 2|1 7  |
3|6 7 5|4 9 1|2 8 3|
 +-----+-----+-----+
4|1 5  |  3 7|8    |
5|3 6  |  4 5|7    |
6|     |1    |5 3  |
 +-----+-----+-----+
7|5 2 1|  7  |3 6 8|
8|    8|5    |9 1 7|
9|7 9 6|3 1 8|4    |
 +-----+-----+-----+

Naked single: R1C3 = 2, R2C9 = 5, R6C2 = 8, R7C4 = 9, R8C1 = 4, R8C2 = 3
  1 2 3 4 5 6 7 8 9
 +-----+-----+-----+
1|8 1 2|7 5 3|6    |
2|9 4 3|6 8 2|1 7 5|
3|6 7 5|4 9 1|2 8 3|
 +-----+-----+-----+
4|1 5  |  3 7|8    |
5|3 6  |  4 5|7    |
6|  8  |1    |5 3  |
 +-----+-----+-----+
7|5 2 1|9 7  |3 6 8|
8|4 3 8|5    |9 1 7|
9|7 9 6|3 1 8|4    |
 +-----+-----+-----+

Naked single: R4C4 = 2, R5C3 = 9, R6C1 = 2, R7C6 = 4, R8C6 = 6, R9C9 = 2
  1 2 3 4 5 6 7 8 9
 +-----+-----+-----+
1|8 1 2|7 5 3|6    |
2|9 4 3|6 8 2|1 7 5|
3|6 7 5|4 9 1|2 8 3|
 +-----+-----+-----+
4|1 5  |2 3 7|8    |
5|3 6 9|  4 5|7    |
6|2 8  |1    |5 3  |
 +-----+-----+-----+
7|5 2 1|9 7 4|3 6 8|
8|4 3 8|5   6|9 1 7|
9|7 9 6|3 1 8|4   2|
 +-----+-----+-----+

Naked single: R4C3 = 4, R5C4 = 8, R5C8 = 2, R5C9 = 1, R6C5 = 6, R6C6 = 9, R8C5 = 2, R9C8 = 5
  1 2 3 4 5 6 7 8 9
 +-----+-----+-----+
1|8 1 2|7 5 3|6    |
2|9 4 3|6 8 2|1 7 5|
3|6 7 5|4 9 1|2 8 3|
 +-----+-----+-----+
4|1 5 4|2 3 7|8    |
5|3 6 9|8 4 5|7 2 1|
6|2 8  |1 6 9|5 3  |
 +-----+-----+-----+
7|5 2 1|9 7 4|3 6 8|
8|4 3 8|5 2 6|9 1 7|
9|7 9 6|3 1 8|4 5 2|
 +-----+-----+-----+

Naked single: R4C8 = 9, R6C3 = 7, R6C9 = 4
  1 2 3 4 5 6 7 8 9
 +-----+-----+-----+
1|8 1 2|7 5 3|6    |
2|9 4 3|6 8 2|1 7 5|
3|6 7 5|4 9 1|2 8 3|
 +-----+-----+-----+
4|1 5 4|2 3 7|8 9  |
5|3 6 9|8 4 5|7 2 1|
6|2 8 7|1 6 9|5 3 4|
 +-----+-----+-----+
7|5 2 1|9 7 4|3 6 8|
8|4 3 8|5 2 6|9 1 7|
9|7 9 6|3 1 8|4 5 2|
 +-----+-----+-----+

Naked single: R1C8 = 4, R1C9 = 9, R4C9 = 6
  1 2 3 4 5 6 7 8 9
 +-----+-----+-----+
1|8 1 2|7 5 3|6 4 9|
2|9 4 3|6 8 2|1 7 5|
3|6 7 5|4 9 1|2 8 3|
 +-----+-----+-----+
4|1 5 4|2 3 7|8 9 6|
5|3 6 9|8 4 5|7 2 1|
6|2 8 7|1 6 9|5 3 4|
 +-----+-----+-----+
7|5 2 1|9 7 4|3 6 8|
8|4 3 8|5 2 6|9 1 7|
9|7 9 6|3 1 8|4 5 2|
 +-----+-----+-----+

Valid sudoku with unique solution of level 9 (ultimate).
